74 5
7956 395 3298 3741 3640
2958 6256 5028 2577 7998
7048 3287 149 7062 2868
4434 369 129 8120 2665
7012 2180 7377 5835 6507
6337 6019 1379 907 6586
7472 2789 4013 6124 3247
7631 1021 1368 6637 7187
1676 3091 5299 4288 7684
5959 5007 5063 2847 6614
2683 5763 5139 5811 3605
1335 6997 1979 6833 7714
1230 6616 7598 7376 2293
5224 230 2504 6290 6802
7466 2037 7041 1719 7236
1163 5128 1238 7406 2005
1420 5395 4332 1564 3984
5192 8173 3493 1196 879
4100 7425 2972 6645 7319
5642 5146 5169 653 7823
8020 1544 7583 2467 3043
489 1912 332 6907 1084
8209 2319 2473 953 5897
2372 807 721 4958 4323
6447 4717 5139 852 781
7156 4140 823 4488 6775
7503 3805 3041 6549 2929
6181 331 944 2290 6317
5066 905 3100 7892 3817
2361 5753 7559 1589 5277
7033 971 1240 6806 5116
6469 7244 2217 7760 1249
1256 2745 4099 5705 4276
2023 5805 8208 688 143
2393 6669 813 7689 1381
3515 1677 7181 712 6053
1669 6777 1804 415 8073
122 2381 8168 7794 2730
540 3630 3458 6036 6386
5097 7230 4153 7627 4948
1821 6401 7442 2545 7518
7777 2343 1491 6663 2432
2740 1536 7502 1436 1441
7492 5498 8299 4216 6844
6568 7535 7041 3843 4304
3608 6623 4049 6997 5796
3484 4753 4265 7616 5260
821 2952 624 2896 3905
4811 4933 4929 7749 6985
2487 7175 6620 8131 2648
4763 1811 6702 982 2891
4418 5057 6112 686 1855
2696 797 5375 6082 7601
3923 6817 6142 4410 5330
2292 4515 4930 854 6447
1916 6413 1118 4850 2561
5711 2316 5718 3826 5670
7347 4718 6618 7660 884
5097 4655 6268 8214 974
406 352 7087 4524 3043
2098 168 4765 6286 7761
1958 3563 4176 6278 2113
619 3322 7418 2691 8319
6014 4267 741 2923 5049
8305 860 737 3670 6225
542 5977 2945 484 158
1655 5363 6668 2804 5415
7473 3326 5402 5876 1240
1624 5558 1382 3162 3354
7371 4767 3328 5892 1099
3341 1934 7453 8247 4042
7201 8129 5264 6545 2401
6977 41 4201 8128 738
1332 2588 7435 3721 663
5
4 1
1 1
2 0
3 0
0 0
